NC_017094.1	tig00004064	93.637	3033	171	19	1069162	1072181	1451496	1454519	0.0	4512
NC_017094.1	tig00004064	93.610	3036	172	19	1069162	1072184	1522544	1519518	0.0	4512
NC_017094.1	tig00004064	93.604	3033	172	19	1060553	1063572	1451496	1454519	0.0	4506
NC_017094.1	tig00004064	93.604	3033	172	19	1215996	1219015	1451496	1454519	0.0	4506
NC_017094.1	tig00004064	93.577	3036	173	19	1215996	1219018	1522544	1519518	0.0	4506
NC_017094.1	tig00004064	93.577	3036	173	19	1060553	1063575	1522544	1519518	0.0	4506
NC_017094.1	tig00004064	78.447	7006	1406	88	2484274	2491216	1166616	1173580	0.0	4477
NC_017094.1	tig00004064	75.078	7042	1526	180	1297745	1304654	946090	953034	0.0	3070
NC_017094.1	tig00004064	92.995	1813	111	15	1214022	1215823	1524458	1522651	0.0	2630
NC_017094.1	tig00004064	92.995	1813	111	15	1058579	1060380	1524458	1522651	0.0	2630
NC_017094.1	tig00004064	92.995	1813	110	16	1058579	1060380	1449583	1451389	0.0	2628
NC_017094.1	tig00004064	92.995	1813	110	16	1214022	1215823	1449583	1451389	0.0	2628
NC_017094.1	tig00004064	92.940	1813	112	15	1067188	1068989	1524458	1522651	0.0	2625
NC_017094.1	tig00004064	92.940	1813	111	16	1067188	1068989	1449583	1451389	0.0	2623
NC_017094.1	tig00004064	94.816	1389	72	0	2022218	2023606	392212	393600	0.0	2167
NC_017094.1	tig00004064	94.813	1388	72	0	2022219	2023606	906040	907427	0.0	2165
NC_017094.1	tig00004064	94.813	1388	72	0	2022219	2023606	2219798	2218411	0.0	2165
NC_017094.1	tig00004064	86.954	1671	193	15	1297331	1298987	2046697	2048356	0.0	1855
NC_017094.1	tig00004064	98.017	1059	21	0	17723	18781	2026845	2027903	0.0	1840
NC_017094.1	tig00004064	90.445	1392	131	2	1445229	1446619	392211	393601	0.0	1832
NC_017094.1	tig00004064	90.452	1393	130	3	1445233	1446623	906042	907433	0.0	1832
NC_017094.1	tig00004064	90.483	1387	130	2	1319911	1321296	393600	392215	0.0	1829
NC_017094.1	tig00004064	90.483	1387	130	2	1319911	1321296	907427	906042	0.0	1829
NC_017094.1	tig00004064	90.483	1387	130	2	1445233	1446618	2219796	2218411	0.0	1829
NC_017094.1	tig00004064	90.483	1387	130	2	1319911	1321296	2218411	2219796	0.0	1829
NC_017094.1	tig00004064	89.892	1296	127	4	2262788	2264080	502855	504149	0.0	1664
NC_017094.1	tig00004064	85.990	1399	175	12	78312	79706	1808379	1809760	0.0	1478
NC_017094.1	tig00004064	77.750	2391	507	22	1961093	1963472	2148578	2150954	0.0	1445
NC_017094.1	tig00004064	75.023	3263	733	62	2491326	2494541	1173666	1176893	0.0	1435
NC_017094.1	tig00004064	86.171	1251	164	9	1339672	1340917	1808370	1809616	0.0	1343
NC_017094.1	tig00004064	74.810	2759	657	32	1073236	1075975	1455499	1458238	0.0	1210
NC_017094.1	tig00004064	78.296	1714	356	14	1478582	1480287	985464	983759	0.0	1090
NC_017094.1	tig00004064	73.471	2993	731	57	230648	233610	165079	168038	0.0	1070
NC_017094.1	tig00004064	78.426	1474	271	37	1604861	1606316	2513799	2512355	0.0	917
NC_017094.1	tig00004064	78.163	1470	298	19	852142	853601	1689280	1687824	0.0	915
NC_017094.1	tig00004064	78.237	1475	273	38	1394061	1395516	2512355	2513800	0.0	902
NC_017094.1	tig00004064	78.155	1474	274	38	66686	68140	2512355	2513799	0.0	894
NC_017094.1	tig00004064	78.155	1474	274	38	145480	146934	2513799	2512355	0.0	894
NC_017094.1	tig00004064	78.087	1474	275	38	1056846	1058300	2512355	2513799	0.0	889
NC_017094.1	tig00004064	84.240	882	125	7	1305513	1306383	1770342	1769464	0.0	846
NC_017094.1	tig00004064	76.421	1531	339	20	1542814	1544333	865485	863966	0.0	808
NC_017094.1	tig00004064	74.655	1811	430	26	2526860	2528654	2519400	2521197	0.0	774
NC_017094.1	tig00004064	74.389	1882	418	50	58865	60714	53700	55549	0.0	747
NC_017094.1	tig00004064	72.573	2009	498	44	1768105	1770083	654302	652317	3.86e-171	608
NC_017094.1	tig00004064	71.623	2132	565	36	1715758	1717871	708185	706076	2.37e-153	549
NC_017094.1	tig00004064	78.762	824	163	5	2058167	2058989	2256746	2257558	3.97e-151	542
NC_017094.1	tig00004064	75.667	974	231	6	999509	1000479	419850	418880	8.78e-133	481
NC_017094.1	tig00004064	73.668	1295	307	26	296127	297403	240888	242166	5.29e-130	472
NC_017094.1	tig00004064	94.079	304	17	1	550317	550620	2048431	2048733	1.14e-126	460
NC_017094.1	tig00004064	94.981	259	13	0	2023348	2023606	1799107	1799365	1.51e-110	407
NC_017094.1	tig00004064	72.864	1264	309	28	1227710	1228956	1513261	1512015	1.96e-109	403
NC_017094.1	tig00004064	74.095	1050	238	26	2089494	2090530	2282775	2283803	7.04e-109	401
NC_017094.1	tig00004064	81.780	472	86	0	1374557	1375028	1278640	1278169	3.27e-107	396
NC_017094.1	tig00004064	75.154	813	175	21	219472	220265	156865	157669	1.54e-95	357
NC_017094.1	tig00004064	72.033	1323	324	41	1691252	1692548	740316	739014	7.19e-94	351
NC_017094.1	tig00004064	85.303	347	44	7	2056636	2056978	2255167	2255510	7.19e-94	351
NC_017094.1	tig00004064	76.636	642	140	8	271352	271988	210828	211464	3.34e-92	346
NC_017094.1	tig00004064	89.961	259	26	0	1319911	1320169	1799365	1799107	7.24e-89	335
NC_017094.1	tig00004064	89.961	259	26	0	1446360	1446618	1799107	1799365	7.24e-89	335
NC_017094.1	tig00004064	88.129	278	29	3	788328	788605	1421766	1421493	1.21e-86	327
NC_017094.1	tig00004064	89.231	260	26	2	548637	548895	2028841	2028583	1.57e-85	324
NC_017094.1	tig00004064	73.760	766	193	8	1893808	1894569	406076	405315	1.23e-76	294
NC_017094.1	tig00004064	82.906	351	36	8	787092	787419	2052079	2052428	1.23e-76	294
NC_017094.1	tig00004064	85.185	270	39	1	1390519	1390788	1220404	1220136	4.45e-71	276
NC_017094.1	tig00004064	84.494	316	9	13	851787	852074	1689697	1689394	4.45e-71	276
NC_017094.1	tig00004064	86.325	234	32	0	2265939	2266172	2226571	2226338	5.80e-65	255
NC_017094.1	tig00004064	77.857	420	84	9	2282034	2282446	502854	503271	7.50e-64	252
NC_017094.1	tig00004064	75.830	542	102	17	394031	394568	293010	293526	9.70e-63	248
NC_017094.1	tig00004064	72.266	887	217	23	1827691	1828561	608993	608120	9.70e-63	248
NC_017094.1	tig00004064	83.462	260	34	9	67886	68141	1431074	1430820	2.72e-58	233
NC_017094.1	tig00004064	83.398	259	34	9	145480	145734	1430821	1431074	9.77e-58	231
NC_017094.1	tig00004064	83.398	259	34	9	1395261	1395515	1431074	1430821	9.77e-58	231
NC_017094.1	tig00004064	83.398	259	34	9	1604862	1605116	1430821	1431074	9.77e-58	231
NC_017094.1	tig00004064	90.805	174	15	1	79699	79872	2048493	2048665	9.77e-58	231
NC_017094.1	tig00004064	89.560	182	18	1	2546174	2546354	2046523	2046342	3.51e-57	230
NC_017094.1	tig00004064	72.300	787	200	15	2152173	2152950	2353648	2354425	3.51e-57	230
NC_017094.1	tig00004064	76.026	463	97	13	295116	295571	239874	240329	1.26e-56	228
NC_017094.1	tig00004064	85.581	215	29	2	2030353	2030566	262860	262647	1.63e-55	224
NC_017094.1	tig00004064	74.768	539	113	15	1189025	1189562	293526	293010	2.11e-54	220
NC_017094.1	tig00004064	85.782	211	27	3	592438	592647	2218411	2218203	2.11e-54	220
NC_017094.1	tig00004064	98.333	120	2	0	1063658	1063777	1454574	1454693	1.27e-51	211
NC_017094.1	tig00004064	98.333	120	2	0	1072266	1072385	1454574	1454693	1.27e-51	211
NC_017094.1	tig00004064	98.333	120	2	0	1219101	1219220	1454574	1454693	1.27e-51	211
NC_017094.1	tig00004064	98.333	120	2	0	1219101	1219220	1519466	1519347	1.27e-51	211
NC_017094.1	tig00004064	98.333	120	2	0	1072266	1072385	1519466	1519347	1.27e-51	211
NC_017094.1	tig00004064	98.333	120	2	0	1063658	1063777	1519466	1519347	1.27e-51	211
NC_017094.1	tig00004064	74.004	527	129	7	1981784	1982306	2168571	2169093	1.65e-50	207
NC_017094.1	tig00004064	74.438	489	119	6	1382541	1383026	1342905	1342420	5.92e-50	206
NC_017094.1	tig00004064	89.726	146	13	2	1342372	1342516	1809612	1809756	7.71e-44	185
NC_017094.1	tig00004064	94.737	114	6	0	548960	549073	2028103	2027990	1.29e-41	178
NC_017094.1	tig00004064	88.194	144	16	1	787415	787558	2209591	2209449	2.16e-39	171
NC_017094.1	tig00004064	98.901	91	1	0	211618	211708	149868	149958	3.61e-37	163
NC_017094.1	tig00004064	89.683	126	11	2	1143145	1143269	1356843	1356967	4.67e-36	159
NC_017094.1	tig00004064	95.833	96	4	0	1465131	1465226	1281477	1281382	6.05e-35	156
NC_017094.1	tig00004064	100.000	84	0	0	127681	127764	2022363	2022446	6.05e-35	156
NC_017094.1	tig00004064	97.753	89	2	0	213185	213273	151925	152013	2.18e-34	154
NC_017094.1	tig00004064	96.774	93	2	1	213708	213799	152041	152133	2.18e-34	154
NC_017094.1	tig00004064	93.204	103	5	2	2020209	2020310	2208414	2208515	2.81e-33	150
NC_017094.1	tig00004064	100.000	80	0	0	619463	619542	2005657	2005578	1.01e-32	148
NC_017094.1	tig00004064	98.780	82	1	0	1776512	1776593	640217	640136	3.64e-32	147
NC_017094.1	tig00004064	100.000	79	0	0	1293839	1293917	925390	925312	3.64e-32	147
NC_017094.1	tig00004064	100.000	78	0	0	1848289	1848366	588488	588411	1.31e-31	145
NC_017094.1	tig00004064	94.681	94	2	3	449451	449541	350121	350214	4.71e-31	143
NC_017094.1	tig00004064	96.512	86	3	0	801250	801335	453569	453654	4.71e-31	143
NC_017094.1	tig00004064	97.590	83	2	0	808879	808961	1735594	1735512	4.71e-31	143
NC_017094.1	tig00004064	87.805	123	11	2	543196	543316	2030659	2030779	1.69e-30	141
NC_017094.1	tig00004064	91.262	103	8	1	790386	790487	465712	465814	6.09e-30	139
NC_017094.1	tig00004064	98.718	78	1	0	1132294	1132371	924640	924717	6.09e-30	139
NC_017094.1	tig00004064	100.000	75	0	0	2287722	2287796	2448145	2448219	6.09e-30	139
NC_017094.1	tig00004064	97.531	81	1	1	1281664	1281744	937749	937670	2.19e-29	137
NC_017094.1	tig00004064	97.468	79	2	0	980398	980476	1568132	1568054	7.88e-29	135
NC_017094.1	tig00004064	97.468	79	2	0	2014321	2014399	2202490	2202568	7.88e-29	135
NC_017094.1	tig00004064	97.403	77	2	0	838643	838719	1701943	1701867	1.02e-27	132
NC_017094.1	tig00004064	96.250	80	3	0	2450033	2450112	2483550	2483629	1.02e-27	132
NC_017094.1	tig00004064	87.179	117	11	4	201136	201250	139760	139874	3.67e-27	130
NC_017094.1	tig00004064	95.181	83	3	1	1199826	1199907	1432665	1432747	3.67e-27	130
NC_017094.1	tig00004064	93.103	87	6	0	47361	47447	47901	47987	1.32e-26	128
NC_017094.1	tig00004064	96.203	79	2	1	2115470	2115547	2303182	2303260	1.32e-26	128
NC_017094.1	tig00004064	96.104	77	3	0	77301	77377	70777	70853	4.74e-26	126
NC_017094.1	tig00004064	70.725	690	168	27	791976	792640	467269	467949	1.71e-25	124
NC_017094.1	tig00004064	93.023	86	5	1	848823	848907	1692036	1691951	1.71e-25	124
NC_017094.1	tig00004064	78.049	205	37	5	2273970	2274170	2442411	2442611	6.13e-25	122
NC_017094.1	tig00004064	75.479	261	57	7	135073	135329	1736481	1736738	2.21e-24	121
NC_017094.1	tig00004064	77.320	194	43	1	81454	81646	1488290	1488097	3.69e-22	113
NC_017094.1	tig00004064	73.077	338	82	7	680695	681028	1945101	1944769	1.33e-21	111
NC_017094.1	tig00004064	91.250	80	7	0	1974079	1974158	2161771	2161850	4.78e-21	110
NC_017094.1	tig00004064	92.105	76	6	0	800078	800153	414705	414780	1.72e-20	108
NC_017094.1	tig00004064	91.026	78	7	0	1634454	1634531	823663	823586	6.18e-20	106
NC_017094.1	tig00004064	87.097	93	12	0	787987	788079	1426839	1426747	6.18e-20	106
NC_017094.1	tig00004064	90.909	77	7	0	516596	516672	2083508	2083432	2.22e-19	104
NC_017094.1	tig00004064	100.000	54	0	0	127707	127760	2054764	2054817	2.87e-18	100
NC_017094.1	tig00004064	78.912	147	29	2	467046	467191	1488145	1488290	1.03e-17	99.0
NC_017094.1	tig00004064	78.912	147	29	2	1338723	1338868	1488145	1488290	1.03e-17	99.0
NC_017094.1	tig00004064	87.952	83	10	0	1143191	1143273	1568132	1568050	1.03e-17	99.0
NC_017094.1	tig00004064	88.462	78	9	0	980398	980475	1356889	1356966	1.34e-16	95.3
NC_017094.1	tig00004064	88.462	78	8	1	373560	373637	176626	176550	4.81e-16	93.5
NC_017094.1	tig00004064	96.429	56	2	0	2020242	2020297	2230429	2230484	4.81e-16	93.5
NC_017094.1	tig00004064	98.077	52	1	0	1281669	1281720	955887	955836	1.73e-15	91.6
NC_017094.1	tig00004064	87.805	82	5	5	127683	127762	1689574	1689496	1.73e-15	91.6
NC_017094.1	tig00004064	100.000	48	0	0	1465179	1465226	1000215	1000168	6.22e-15	89.8
NC_017094.1	tig00004064	85.227	88	9	4	1143188	1143273	70774	70859	2.24e-14	87.9
NC_017094.1	tig00004064	87.342	79	6	4	980399	980475	70777	70853	2.24e-14	87.9
NC_017094.1	tig00004064	81.651	109	15	5	366815	366921	261895	262000	8.05e-14	86.1
NC_017094.1	tig00004064	97.959	49	1	0	779663	779711	465736	465784	8.05e-14	86.1
NC_017094.1	tig00004064	97.959	49	1	0	1776517	1776565	648195	648147	8.05e-14	86.1
NC_017094.1	tig00004064	94.545	55	2	1	134866	134919	2022392	2022446	2.89e-13	84.2
NC_017094.1	tig00004064	95.833	48	2	0	134866	134913	2054767	2054814	1.35e-11	78.7
NC_017094.1	tig00004064	73.822	191	38	8	291270	291454	236065	236249	1.05e-07	65.8
NC_017094.1	tig00004064	97.143	35	1	0	134883	134917	1689530	1689496	4.88e-06	60.2
NC_017094.1	tig00004064	100.000	31	0	0	1058504	1058534	1449496	1449526	1.75e-05	58.4
NC_017094.1	tig00004064	100.000	31	0	0	1067113	1067143	1449496	1449526	1.75e-05	58.4
NC_017094.1	tig00004064	100.000	31	0	0	1213947	1213977	1449496	1449526	1.75e-05	58.4
NC_017094.1	tig00004064	100.000	31	0	0	1213947	1213977	1524545	1524515	1.75e-05	58.4
NC_017094.1	tig00004064	100.000	31	0	0	1067113	1067143	1524545	1524515	1.75e-05	58.4
NC_017094.1	tig00004064	100.000	31	0	0	1058504	1058534	1524545	1524515	1.75e-05	58.4
NC_017094.1	tig00004064	94.444	36	2	0	786624	786659	12744	12709	6.31e-05	56.5
NC_017094.1	tig00004064	100.000	28	0	0	189250	189277	120155	120182	8.16e-04	52.8
NC_017094.1	tig00004064	100.000	28	0	0	2427374	2427401	2478705	2478732	8.16e-04	52.8
